70
1
1
1
1
1
1
1
1
1
1
1
1
1
1
1
1
1
1
1
1
1
0.9997632
0.9990656
0.9979264
0.9963648
0.9944
0.9920512
0.9893376
0.9862784
0.9828928
0.9792
0.9752192
0.9709696
0.9664704
0.9617408
0.9568
0.9516672
0.9463616
0.9409024
0.9353088
0.9296
0.9237952
0.9179136
0.9119744
0.9059968
0.9
0.8940032
0.8880256
0.8820864
0.8762048
0.8704
0.8646912
0.8590976
0.8536384
0.8483328
0.8432
0.8382592
0.8335296
0.8290304
0.8247808
0.8208
0.8171072
0.8137216
0.8106624
0.8079488
0.8056
0.8036352
0.8020736
0.8009344
0.8002368
