80
1
1
1
1
1
1
1
1
1
1
1
1
1
1
1
1
1
1
1
1
1
0.9995056
0.9980444
0.99565
0.9923556
0.9881945
0.9832
0.9774055
0.9708444
0.96355
0.9555556
0.9468945
0.9376
0.9277055
0.9172444
0.90625
0.8947555
0.8827944
0.8704
0.8576056
0.8444445
0.83095
0.8171555
0.8030944
0.7888
0.7743056
0.7596444
0.74485
0.7299556
0.7149944
0.7
0.6850055
0.6700444
0.65515
0.6403556
0.6256945
0.6112
0.5969055
0.5828444
0.56905
0.5555556
0.5423945
0.5296
0.5172055
0.5052445
0.49375
0.4827555
0.4722944
0.4624
0.4531056
0.4444445
0.43645
0.4291556
0.4225945
0.4168
0.4118056
0.4076444
0.40435
0.4019555
0.4004945
