100
1
1
1
1
1
1
1
1
1
1
1
1
1
1
1
1
1
1
1
1
1
0.999907
0.9996312
0.9991773
0.99855
0.9977539
0.9967937
0.9956742
0.9944
0.9929758
0.9914063
0.9896961
0.98785
0.9858726
0.9837688
0.9815429
0.9792
0.9767445
0.9741812
0.9715148
0.96875
0.9658914
0.9629437
0.9599117
0.9568
0.9536133
0.9503562
0.9470336
0.94365
0.9402102
0.9367188
0.9331805
0.9296
0.9259821
0.9223313
0.9186524
0.91495
0.9112289
0.9074938
0.9037492
0.9
0.8962508
0.8925062
0.8887711
0.88505
0.8813477
0.8776687
0.874018
0.8704
0.8668196
0.8632813
0.8597898
0.85635
0.8529664
0.8496438
0.8463867
0.8432
0.8400883
0.8370563
0.8341086
0.83125
0.8284851
0.8258188
0.8232555
0.8208
0.818457
0.8162313
0.8141273
0.81215
0.8103039
0.8085938
0.8070242
0.8056
0.8043258
0.8032063
0.8022461
0.80145
0.8008226
0.8003688
0.800093
