80
0.45
0.4499965
0.4499864
0.4499702
0.4499485
0.4499218
0.4498906
0.4498554
0.4498169
0.4497755
0.4497317
0.4496862
0.4496395
0.449592
0.4495443
0.449497
0.4494506
0.4494056
0.4493626
0.4493221
0.4492847
0.4492508
0.449221
0.4491959
0.4491759
0.4491617
0.4491538
0.4491526
0.4491588
0.4491728
0.4491952
0.4492266
0.4492675
0.4493184
0.4493798
0.4494523
0.4495364
0.4496328
0.4497418
0.449864
0.45
0.4511501
0.4542457
0.4591844
0.4658635
0.4741805
0.4840327
0.4953175
0.5079325
0.5217749
0.5367422
0.5527319
0.5696412
0.5873677
0.6058087
0.6248617
0.6444241
0.6643932
0.6846665
0.7051414
0.7257153
0.7462857
0.7667499
0.7870053
0.8069494
0.8264796
0.8454932
0.8638877
0.8815606
0.8984091
0.9143308
0.929223
0.9429832
0.9555086
0.966697
0.9764454
0.9846516
0.9912127
0.9960262
0.9989895
